O      0.10220067      0.00000000     -3.87880300
C     -1.02615218      0.00000000     -3.07516939
C     -0.67060598      0.00000000     -1.72114874
C     -1.68344556      0.00000000     -0.76031304
C     -3.01686468      0.00000000     -1.18666814
O     -3.87880308      0.00000000     -0.10219998
C     -3.07516948      0.00000000      1.02615287
C     -1.72114780      0.00000000      0.67060570
C     -0.76031310      0.00000000      1.68344525
C     -1.18666820      0.00000000      3.01686437
O     -0.10220007      0.00000000      3.87880377
C      1.02615179      0.00000000      3.07517014
C      0.67060561      0.00000000      1.72114849
C      1.68344519      0.00000000      0.76031279
C      3.01686431      0.00000000      1.18666789
C      3.07516908      0.00000000     -1.02615213
C      1.72114843      0.00000000     -0.67060592
C      0.76031373      0.00000000     -1.68344547
C      1.18666783      0.00000000     -3.01686462
C      2.54021791      0.00000000     -3.37631378
C      3.50539662      0.00000000     -2.35889722
H      4.56192241      0.00000000     -2.60125174
C      3.37631347      0.00000000      2.54021796
C      2.35889691      0.00000000      3.50539668
H      4.41861045      0.00000000      2.83787292
C     -2.54021727      0.00000000      3.37631356
C     -3.50539696      0.00000000      2.35889597
H     -2.83787323      0.00000000      4.41861051
C     -3.37631384      0.00000000     -2.54021822
C     -2.35889628      0.00000000     -3.50539690
H     -2.60125180      0.00000000     -4.56192273
O      3.87880269      0.00000000      0.10220073
H      2.83787386      0.00000000     -4.41861073
H      2.60125243      0.00000000      4.56192250
H     -4.56192181      0.00000000      2.60125252
H     -4.41861079      0.00000000     -2.83787417
