  -0.000054768   -0.014733983    0.000000000   
  -0.009778799    0.008146570   -0.000000000   
   0.034201888    0.009989290   -0.000000000   
   0.010247596    0.034122893    0.000000000   
   0.008079844   -0.009841442   -0.000000000   
  -0.014740530    0.000056140    0.000000000   
   0.008154189    0.009779272   -0.000000000   
   0.009987907   -0.034199855   -0.000000000   
   0.034124830   -0.010248952    0.000000000   
  -0.009840853   -0.008072108   -0.000000000   
   0.000057438    0.014733956   -0.000000000   
   0.009775649   -0.008140915    0.000000000   
  -0.034195491   -0.009993018   -0.000000000   
  -0.010248114   -0.034121698   -0.000000000   
  -0.008094456    0.009840337    0.000000000   
  -0.008168804   -0.009778066   -0.000000000   
  -0.009988444    0.034198736    0.000000000   
  -0.034118399    0.010252607    0.000000000   
   0.009837643    0.008066533    0.000000000   
  -0.071347942    0.012031866   -0.000000000   
  -0.011471460    0.071432042   -0.000000000   
   0.001604626   -0.004139243    0.000000000   
  -0.012014102   -0.071342740    0.000000000   
  -0.071437365   -0.011489204   -0.000000000   
   0.001636127    0.004126894   -0.000000000   
   0.071343700   -0.012027589    0.000000000   
   0.011476265   -0.071430137    0.000000000   
  -0.004126802    0.001635854   -0.000000000   
   0.012018859    0.071340808    0.000000000   
   0.071433058    0.011484916    0.000000000   
  -0.004139101   -0.001604371   -0.000000000   
   0.014755167   -0.000056204   -0.000000000   
   0.004127196   -0.001636471    0.000000000   
   0.004139516    0.001604977   -0.000000000   
  -0.001605085    0.004139106   -0.000000000   
  -0.001636580   -0.004126766   -0.000000000   